38877393337460905704324869134159269542664295497875323352785642022306716943182338711357120782034504865926058955336839885570173770597342310893062378956900030570704778101193581340818689196434345517294320150542244204907888148265522991018392831505654963485398066951111843209412561904510792860492425691814019672483
82362640441852339207030162226353789586744907917522769255553142284865406854405989544028228135929283379073437267850502394462565014124110456218666864548250984077795910516106692892044256693186384272904714073534172078137794814284959145610551460736101222171294705374616585310781569143500239233201566238619423210223
67209530877425036477223606993345236795153125410070255992308163678777698093778418634144635943376570797721246944843458674394087684103428981227379192290396525801631493359253956436056087057732579425177213832547814788624150695527074087657537073323551606781495615271978103386043299479136228507296980265766946492035
28526624845868384134746915784575926499551399174534849450319438388532458271105983368070282838249219699578328517858065227801415766073691787379465943290101096870641116047878991803001174238463560099259764656276991789039675835104436766008426368474842951905940850068987579773117977184044368958158211668354686390933
18988320516570413935306945159047856590659935152005109716660400898103168909750562616620294413701751547637547650637896270554172394185040793258299383837004475573244573559401179668337086007329274910337899987344520818311382693144816366279481662655803862009812665915143556184908468975913592674930113151192224113407
59512557413154598208179572342847263944241571052944202267691241259207929727082944838283571007452554471000573431222637516212488581552670198882524373635155873151925073300435813663595991266859539311015265840570733206885492300933182583340548375096182377992205986375367139161575907373615300688617619511238031374705
52498144927123105990203608459378830990735588793808137747490819260163944254092139665307463387863451192546287793269526843048771154874821443669246172158264003259216859287833209976329773330201401202108519352907809116735993989729895086198493526253032533660014080299841413621327168141191729425833934145717835421634
60669630878499480431663759649736941722660732941090630503806675039559837690036856939861516314637715370734754150819742393722685120615693528235079501386092974600756173108554883142213330598291917508873882905229553986857895206116907513704237580604532892074753639180911529661225250362133882278205669096073354240408
52534885124289160300088781006279034929392124978501897301092136189037680199248215151904010333973849205881415962325073984226712939549510472730360252609550322008531909585833367348006281705311270019864566477836629809727023666689958903837015786130633145119888365897055677931578091399360332318104312975141050543804
16084391043966032148457455455588849600798725378281787331046719653985491574196565329856976148784196284441581810652823867058222807581913277552912795724158143931879621677831963216190059993340278788968717925057830863450459772956018315421903652683233623783430605386031783594068426316862124385781195122303873076220
9277279687726301808449188049655436781872806572049803855225309038128221729694101804748436394503305992985001724631448658328613812524506087720337191116681640242183264287177145168197576559575932893341908075493423160400653510975844971638263425363048154780991227834598187898657762176055136283730964550997709896314
65886324110750601616492822196510327040280686419433766744934513431264473560323605734246742839865293188637845343978094407615839221316380344484361069856210213560097343813103762888744426853492919243957641709964197918976091447991938744729582897218710038468497242085212781459117855669629362520677385922251688014775
76546568680072629492824861084378706282815635047576775892192043824020029295136658565907225554301303221996742856816122971454260746919253657816596449095946314024089398657609567604976310824995721486702474711120868268099188070321611980400347668765032758081013508199881713319875980047902089956341672880220197459801
10255728213315794948200232569503774284564288356093186378567485144168727810462094287658281823635345480171487432631092580326736521310300107375762262561309013674604801914455250669462455792243619594298847705405408478563620179949513185019380239582842195933756656747908456320830983872710540233788696297250394750472
98955797096135833823415355165475673555256521955379609307716996089147687664847375484456381257468349491020645706228121549591335971623515694791037300961638409147664197245080688352686458208722111110521867021549753311629859854694716774999914544321474213392671073427669448163372226621484187379312071603138638334719
66046192537276112248087608602690631490431098211877678141661949338520276103575522173037834502794256216773582557673567194886846039271029021452991427175815729092644851574041727033932605152519432889229341409856981347470784858257103345389459589872351007683774160825544853575650008811479733216125810575448944995562
74698718210060043770837583697802166629666784830706177384131076415862676556167979673685167621305880644803885034385961690543245807669332001834539793111940337143108041156893862747250033755006008842403567321092342265656788648889273899505960666181160574859052912704679459828920423335782480192731526639535300235934
29540270796632356196406063385086452841297082319382244145623818278956880777147634502351263960596054407894878976565285263042647919197848742633897947243595982533700784228232077721532148104359268344185919944368168139399415865578801717790832490138070738452239159612102165246279371753867491678798964424220070089342
53141383145382760321238391086530634214222798406024699862037718320785190030862511764526748787826360938397933677815637635262873830492698615229169745754035799344624244463038218211948309235753612275920495878051858110895897233680623631697826244286475755615030155873683799021285781203585533869506888285764883625243
69693899607041006327822702880596536229224078552188639297551393372771553855057652561053573581114958178711626031158747327892020861572091629733554555309458310709931213711232500761020857131012715534305236615625707871186854854744365106555811424615947571515520538254621064565331777397581405662263394851343897476803
45470917526980140930336517473353414447261823187071076600840919373198673819300894797852276782364685143030166516114028397019722946339151733307094718720596936790781877072569927265029173713556934315930291091154251215223849518095249007722804683680716905265512147008977475675655194810638438068661794538445740979478
22335802930070477603685092393049438789160487282797952465959561633967560410958955784761993948797050164081120842939234477380590585470710018671842894724844874293198957268972770919051978170606723544372914361199079396351289171971283303895489503185661329991692978860672967685991210061331000452699871839549715338937
85269949342582124351330832302288793496946734579443819851442976760465997741005450511112771757851742522504230272019635308139317245440914528513195494486561649760916636445764901564995566337240582762087468346081273156396164007835296391088832831529229289670862653280613828181621193970852308500666385483038952782587
73356092196892197298417893811432965642885612130337098560834422731234359763778034993377784250614944820067928568023872580494529140494780923115068832223086375512225165356311292747885972031182262019540828073628852006397623357523593700716978214453590078189769032035423996333243557405041589721718599834439865642594
41537190572702944923883940868406525045723935448092705767325500359222305394789806791960414913168940469989320222413512927729335324291112787778616563047536069409066143262089864635249913538573100650165728796040916939234775655812794264122065186901427592901708181439403507966149359181078263874131020108598093089917
42167041097338310928809675838334595181152632607553198640792976422429747132250606581340219658398688125782921965147075755053818094654028882641625244777557354467651343888742740139760573631415979574654800102515045425252943615065829294793019262156651287277450151415344907397775105425732086491384073123833101529932
36310743990135622528998140165181832341471097423174923022829790714663250392114449223268657023666394872026153993737890264534319314945430900535374982735110373306461834200520466070482482491918957505804232757681328172104377008265880868240178646395415394484615564941186314631977284411291463312740929296910099964539
107281472337892814532239911874506759768383213899442542951544070298091293540431476479193909884050867967488199952699360238088095473977613745398397585590172633897899494354724317586447002571154818544802966669417620139461978727738936626218081977041900941583309769485764926479079774898569873954486774473074855759369
55630262807227173323225278499711377453827807011629424270583153351357476845718738886630294525720348296451489127130974099835041670570449146682504614123590298779613758513286446610124816298105819447320778810367602846238890328632651808661818342220963674547852690902574001126418922956120003844719439307457533123448
43946852727138259420311269771864644318095543166488213305780103981798949083923156007376638352453519808728689813478861251661904977549908008957609183070719018129256675292839148326819645377968671259955257884729291410549526920086373715617244660861640299309861136037171596891748780440148702768791404393022708645088
83350694250985306218006946948097794739128026925736399444708640189862650152960958558867903064936147792159287202304687889653930045194868019566640532055436933887617315020296461545583364398302770219366256312469426714721153671937155383497588252840039186625622861795951283060127430132535613615191945167501268008373
17515387943065861405703536274825534081425085506267731921581992036581237830625512358529686021014946157696776928275282231461477448597206121364327124370006146850827901524865579486874678258185875311608568493956223835829851694333450640640624843219861991637063752323160815978053602759627200558977719164605444158286
104482600121036566841126096890171122490239112716034016840007575964088455867801890072916954514667924657051206262183051901968928708771632010153609763424906969686672241345925107297705005298315758940715381156494471329007077122558090990064227292837760741235299486500101334877358446257859722317919814468715028298296
59912176120035224236028451108312768946108873011441124128991016738306860991979827567054127226991161267507264172063151255149094830854094674645552812787641982865780224129779906171370840520369395761301443629074972870852815907772571618384319675811430033308762818257952957698105875522484566638119246646385650571105
51483613101816975691159250084802872024325747092462316568473302718730254753431161778935290991578343094507711391071220773477943908904220286935351382186159422827197671958995362601816329260578900594544394546495328540179226302392901405544885470942065156258934599740444290766021592217411753691011061319490567544260
105650437802677322693553733354980504139363233924287080734382699206438037999273987421643829043773143379356649627367672184283343518215915928905463527860188990271833154294395552480370514237418621677909920424870692749163895603827113099891451464128100778834959147315003410187268449663231599428242942518331067366304
46399507973565658523861645263449191023822168476785422133319437983542760884719634273707052847612543579693577870789435837309461121064875232728139562254642649374941677668915654604785965905654959078758062735778761868476524974229197952862440294085576169140674892408061248841612429774789078784026739152673849164677
71329613779960118502481053979061366537397935616686974207213937361992182629033631391084933294413701310868831365174121331942749202843343257825356346657774943056078199237741771523943328178406452190511058909761738511716637098374749374866928281646342730794581793248369811117696559457504494480533163561765953836383
65042875832451356943013389180663547202093168472879495801279378043498601772274432286802622196549081219268645277769897908163200876038622602148836870160471235232459998942148785732782264114655740812621181203739287941019115978667496132884612394048900735977965987593926303436877735126459653481395096043909678930305
15127992225972574486560797515972614764311364127165587818242238085490562682455203972603981955883341030595766672556005577348433737506259630054069511559481861294421407099534421808594104391784528194269550047215901329457422374732738586914143483651313950786199870151294508819196001397933238410929960070533928855925
90701295838888431254710627607713304957088464328428885170246705242542269745180350429848107178434370963696859061877718682014248748094643085756403137812463686365963904168141323716176314399879128553997488163234910159145618059259452635575021847921110757993188667462325709526824702148750409382155095840461385307032
60828162949749676209844629165868515257148817918323958647639540105696345793190918747901964127603297640945687753915314978001431815770492194139934642604636898335138697332581485349959307076143067005051675396918990078681974701038531233725161398751902869469676561564983807785182433191141919151584198697560208056602
19468644461710399615911013409541638442327457630041801530785802705407186538869213484359798702889721354667665267199677355285146696474894725939102692594904453645802499328344683192375382996364036691743734862427785462940672844447038443282971098369283639941759825357596164245363360783400072434916366491103114708740
31297725656974728324099580587737750184584988880931253571724060043634784743329861083207992842913699864953207338419088144582101799130219848917875427166651974464627162141579291138782964484471026591195641328381985454965867927223530170857603541813930155427391159454307092095550926352401305252589865913624133560761
14456812702437305676848410362461971678760045076379297929866089722664275019606896698282055811621731172108380030193183601450368666959171506885191305953993229018996972335823732853916678230791888347124329241300781713832470678741333973909734181406653605388052968538314205178088718630978026435510889780928276790964
94196685726105834577988663178142778515892771880194364819801438042658778742480090123473811157879238906084236475965116261108110411813155323654561334676566253685317671683887693958257298710651302586331618496754060819992512957019948142231752339139617959551363806162591253523833989117707306384257065912450250398142
72207043103139149640279646559809138759633246548499244400573317705434159247784257491026498948439108777283085795081953170066546169069085493093813027143496702519575037385876512038489298257266562553325604599165819427740118150060097487472334370754394661400055014848286172838185639564066055554091187382492791660856
34980165651719203527979631179270596478066671334958321833238948297995045848719609572393422054933045001804236756860467949989697755970959555143632066171668676732342936955688940070571996733625406351231338669156392702881502914165830673746516161314774682714603937238472770628153987130651391911098144877892898913051
80197682493350850452156891785563449533786414087349724887746192935106212349583419515677285313473014376672686861198474555119681312705214033742487383064587356880080538834407186087538288538118929172749030203133067803269986682297153083453862206156238088459832700820904891535051941468879120232876991790866135612412
93635047136634290226361243065994592032262426600535845784542033191120034372871316995587320574488846182111723352837108828772357590847513020025583791276857022294675576754486113512045410008901881774854029407518728230087803482948099306676038919395912556417264298850981522350712138687767568945953810138046438605019
11840851199521908292848251405822606629862170893766404051157993247070782840450788164121330655080355083517856232467419362876794697472748668770320286809409370547445530180743582401449538138751440172596654761662698648854947119342808720483810975428738248241157219300212248771103386480576390600437577784549975870876
57609870325901196902981485002368963252456351532218859081430087041675624733927178092412947128287772293815185015859338895194964801745187648229166585854440860949840540240158101820869561999060077743840686478577300983436421009223982348464699830423811977540875528822438642563981357072491915008978200373294643874189
104879476752080379516066001886580800963690730650849652766398435290753097443408728882747206897386149502748769183789869347697230715691497156630952589402442777867875798178041135648122673946113890789106331529171723457668546979317951499285586953425880032955816499405682351365464420762908992423442419906100077006537
76872642694463683720996624205378781670314965437138757073733943152641197075314785682153658614787638519510122480516727246275414625792141524961860506521969584603067782741072124751708146634245871774563006660079482320916807585125684435644351903007917409163468309018206835708166715000143613976467028120857190528242
55089852006413374244608462211005095609111372323187750378716032010853528230404365595280703376070254381524318832106904796257986331703021881519716162430688419137268371308350793881694681017043535218703765541440266056976381597262773128608353018634654730720210686047715890846209975673463415335214451711983193093760
10266090871000767225713586094233589969315456643254684158682890546328129542727060754449261771505345653923520248480711008191391048414376516173946352873651650254301769095757015486478872663176513847162888211804455649128462727821906236758069601897811113217529396090637483800634549659298018416608391343696954413340
60827160621836137211864521673387243151318932977488812810059079683343939453132806514172031549720350460196316908694083477850219606795600806256804441964638733892574126984076033043312425972218122207902559482766085582241092202204278832701427018093726227715561225183075887724350447791834398560166169351606427242834
107760925630418921497738194081682166346739202333137875046058284204156613291993601646720585888596462286969793707860814902073717705208640006932173896654180847465840497225942255192781119621738893612104195838546369777114553866338397967581888988222463196861126241475609956156317974340028532448435779640091108367769
18599590545230597305163596633680203427824367959799620927301040992772382811178766369611774962359164799621593378226732509209329863494302711352766384893412875629416451811275856741828960512441158206836814014941330394639504550444703295581773983861957306222913134387310873502360314476959558925292663415905424579377
70611877780499877403988026837010986401992262578319775016779856072873340235502246875567119323651453615502197020508877940261741076914459603791380425674367005516074709132243285854281320912431897366069198265028202761989709991839930605033340398229762737600822357954356539170693422002918603749567340769837871399231
75717060423687760322906848585652970564084176618763518909808009747354967004343974846183127033988320353839412692361540294783367459815657681410293713528083255412735498459592281756830496238179602551474407864684771600461129297741294263924010203107189617965964599858031073936255738369059775400527581181900219363926
84505983023507603736813665656707424419905611270661825255094873820301906290912061624642236129896507293401739280262312584977230482459078490762403977668301500136430346482544431274105602025967234202172650769116982012901658051198281974127978654973413321563668628253468326046312704544573189801075007151039591865769
3770232400768076211861330747141858133813948648416196435928844423045808754178594358884036112252258981663208353123664486658203104822410247271840529844382870715067112075731776855366088614909635061095397361438562617356115764210977058223226773790150330635070249897483304809678507529116687228000184648361917295412
23990777117497019581042703890862438359786208630493122463443347201541245275794751963662042341103160360165839118155823729600528508214812464877470023841213566355906365833954396126084256034578442359871206740683359068066870613642096984605884224905790146825701139870700944521829551195949698494375938003883860883239
88350285089687721239707780005474820957674369080829561031811812280477234837099007282308232602646160086051094533995326789966308096681495214416589723223098074422408084287463229420370694535214557479685765130525492155816595684308851500520537141653603550203771584298785567786657725780879652628060975876217449061625
30792674581096021488311081651221225038380331219924776664462487487762353032329185904763143982293802115092398196847701087232218959593131856254483021644887391964440618761423499029971251060090709258899499443453552599890011698441834333220743957192673196975716633686126206231505910291348576282076713192759643210379
72304598417176325186834137387256644496298248273846788462999249362153733278710996856485531845317689352510041925666193300173257234257522493852355127534381464385123908096214130694206230802641574165714228410015300086415863804423735719039786885847072994511584425812969931619738899913041350950717969071618617335203
68618819906419034475077878719814109169420611442945738209601354756312079314308620458545586313639680448237737487334127398758273625498442942119503731065933128064507197157310783441266574371090161990659309659920073961666634315725585191318669498721506484375534802108887224073965112742465740490249957821333490674738
100597136638633464329500797183960724691142274818527981267437771378593118276494843560238410055359117658787729214200501827274609010689686605514656415293345678145198619859954062491794172475904018840626797656385977421593221945975576351410547999524214386191657318385509327831054944323368801847764295139276017150330
5804424363850252311471371643024662049560470552564860738047150955710684606874994042756594914025600963293005806891797491057160148515912374411351468378850879869658008897512113516090137792453582183207179441798346237290269035172690298238962166082202451049028477662692647695049332922886762957917224070583926861681
95837693327110440927339407865295431919633308492558424696860136738888902297361551632564452687285325568778256333642752813310113505611738499084559770790614449803269077153001371623467390102793280813722412648419766790373331324283833588147169053084043815590492503334929976707948830827480457005982230914510604069486
62082760974188957369509496134841470299494021085790919906277022169561340023997229569986476802780677308342090195434402766091427225170705533504211096053721620770863990163745700274096662875748220406321733497186884057231287568792738911390575640782633743743324216479499603809714338513071717102973530581617398144694
20698163468323350938602676279947593002879777609021634757436209458793127985397872005323100407922034258128517627146025333222032312407921367195260896238619201851175439904351308979094000423586723598130495223019003508944848053776256300001368303615558937000654495845781840774937346995881036197752584527171245517303
99698532011407589139560895041968366729036493558691790261730112854086057389970361706367562547890359787304417954945820135693511635806550925486146551950839275937343639199924438233696020599406082555920947571248817334545636009976132853179422556087510353778599592831534468333243408805170173001523031900907273789700
46754290282594940980443906731387614999788351361745614647924254491613458231347293815751872710475081064424437046476797089744190942949611113753836055381629225592620896017065581492763115006324051407931540818383153497260820904315988373165960681713584078978102123749543841405016964402461562371634868083171942812930
71872133156336231944748533522327468555798669087272221492093450281471697629095666090080455396642735913681960921325158628651538373424422511972504909910745328744839475738858136479475262794491113888795336305698722644962318894986023260815715582003606085476650387730510206049129013286778387369162638180865478702261
53484456576642861798159805951620682346033601782610713678131167689291034183750207726551030565353878751521101139561861207443716281187939880263674632675268306784063872454538763778101061170985113339849760405267733093721354085349338165593921255606724646628197712459067988652689051402664814610578854967113688680766
64378302911058767250624739202318877621103686494335877382732234915850245439876255524514414032520972691056176607049364752109914665866587238888136272662624125517806692598740977836160850256060651800867415894980919841182603824843148845335709244572232795766451200403858132008636276620452336163782602125505353492433
19814378713047524432479413698439745421245454739013905841724024808938365507769539330402414012897929874982217428673131042311722215258170786342827326856137414066395659515262468737032346843282748619939287881288220277688831639954022522875021350801206764270004227881906257747016779654773999908079491131176913899379
80406880897329317842513504944815231777464121329844631854385876613705200933202238948640840290006683142958405961934684150132989109385604654074131873757163590504450291892773723679796506390347985911377797142065929620232544954620409973483435940587084505939611260131030953229704637149895247362529188348853714957752
71162723449174239224638832099428716488042651342917258754873481628282175992102187312376205419055077224932571913379667308614226302683295095193221035300057127537243253635517541685601037446263964737624842208204252009939367769139114411376778196417709854155225834775543291255737608431572356996660025653083043824203